% number of repeats:% 3
% enter first, last, inc:% 48 1488 48 
data = [
%  n          reference      |         current implementation 
%        time       GFLOPS   |    time       GFLOPS     diff 
  1488 1.1325e-01 5.8185e+01    6.5218e-01 1.0104e+01 2.1600e-12
  1440 9.9864e-02 5.9801e+01    6.4712e-01 9.2285e+00 2.1032e-12
  1392 9.1716e-02 5.8817e+01    6.0182e-01 8.9636e+00 1.9327e-12
  1344 8.2291e-02 5.9003e+01    5.2833e-01 9.1902e+00 1.8190e-12
  1296 7.3603e-02 5.9149e+01    4.5246e-01 9.6219e+00 1.8190e-12
  1248 6.6607e-02 5.8365e+01    4.0298e-01 9.6469e+00 1.6485e-12
  1200 5.8799e-02 5.8776e+01    3.4239e-01 1.0094e+01 1.5348e-12
  1152 5.2395e-02 5.8358e+01    3.0175e-01 1.0133e+01 1.3642e-12
  1104 4.9619e-02 5.4236e+01    2.7438e-01 9.8081e+00 1.2506e-12
  1056 5.2459e-02 4.4895e+01    2.2253e-01 1.0583e+01 1.1937e-12
  1008 4.6672e-02 4.3889e+01    1.8563e-01 1.1035e+01 1.0232e-12
   960 4.0705e-02 4.3471e+01    1.3614e-01 1.2998e+01 1.0232e-12
   912 3.5458e-02 4.2786e+01    1.0261e-01 1.4785e+01 1.0800e-12
   864 3.0837e-02 4.1831e+01    8.8763e-02 1.4533e+01 8.5265e-13
   816 2.6175e-02 4.1517e+01    7.1409e-02 1.5218e+01 8.2423e-13
   768 2.1003e-02 4.3136e+01    7.9946e-02 1.1332e+01 7.1054e-13
   720 1.7541e-02 4.2558e+01    4.5726e-02 1.6326e+01 6.8212e-13
   672 1.4585e-02 4.1613e+01    3.9577e-02 1.5335e+01 5.6843e-13
   624 1.1838e-02 4.1048e+01    2.9876e-02 1.6265e+01 5.4001e-13
   576 9.4078e-03 4.0626e+01    2.4257e-02 1.5756e+01 5.4001e-13
   528 6.9509e-03 4.2354e+01    1.7393e-02 1.6926e+01 3.9790e-13
   480 5.4963e-03 4.0242e+01    1.4414e-02 1.5345e+01 3.1264e-13
   432 3.9720e-03 4.0595e+01    8.8938e-03 1.8130e+01 2.7001e-13
   384 2.8394e-03 3.9884e+01    5.2891e-03 2.1411e+01 2.2737e-13
   336 1.8750e-03 4.0462e+01    3.4663e-03 2.1887e+01 1.7053e-13
   288 1.1947e-03 3.9991e+01    2.1894e-03 2.1821e+01 7.1054e-14
   240 7.2373e-04 3.8202e+01    1.2477e-03 2.2159e+01 4.2633e-14
   192 3.6645e-04 3.8629e+01    6.4395e-04 2.1983e+01 2.8422e-14
   144 1.6066e-04 3.7171e+01    2.6505e-04 2.2532e+01 2.8422e-14
    96 5.2223e-05 3.3883e+01    7.8005e-05 2.2684e+01 1.0658e-14
    48 1.1293e-05 1.9586e+01    9.6460e-06 2.2930e+01 5.3291e-15
];

% Maximum difference between reference and your implementation: 2.160050e-12.
