% number of repeats:% 3
% enter first, last, inc:% 48 1488 48 
data = [
%  n          reference      |         current implementation 
%        time       GFLOPS   |    time       GFLOPS     diff 
  1488 2.1264e-01 3.0988e+01    3.1015e-01 2.1246e+01 2.1600e-12
  1440 1.9449e-01 3.0705e+01    2.4411e-01 2.4464e+01 2.1032e-12
  1392 1.7731e-01 3.0423e+01    2.2246e-01 2.4249e+01 1.9327e-12
  1344 1.5756e-01 3.0816e+01    2.1703e-01 2.2372e+01 1.8190e-12
  1296 1.4881e-01 2.9256e+01    1.8160e-01 2.3973e+01 1.8190e-12
  1248 1.2890e-01 3.0160e+01    1.5674e-01 2.4802e+01 1.6485e-12
  1200 1.1494e-01 3.0068e+01    1.4466e-01 2.3891e+01 1.5348e-12
  1152 1.0328e-01 2.9607e+01    1.4532e-01 2.1041e+01 1.3642e-12
  1104 9.5287e-02 2.8243e+01    1.2507e-01 2.1518e+01 1.2506e-12
  1056 8.5276e-02 2.7618e+01    1.1050e-01 2.1313e+01 1.1937e-12
  1008 7.4431e-02 2.7521e+01    9.0164e-02 2.2719e+01 1.0232e-12
   960 6.3679e-02 2.7787e+01    8.1986e-02 2.1583e+01 1.0232e-12
   912 5.5261e-02 2.7453e+01    6.5238e-02 2.3255e+01 1.0800e-12
   864 4.6727e-02 2.7606e+01    5.1926e-02 2.4842e+01 8.5265e-13
   816 4.0314e-02 2.6956e+01    4.5799e-02 2.3727e+01 8.2423e-13
   768 3.1188e-02 2.9049e+01    3.7637e-02 2.4071e+01 7.1054e-13
   720 2.6263e-02 2.8424e+01    2.8029e-02 2.6633e+01 6.8212e-13
   672 2.0619e-02 2.9436e+01    2.1579e-02 2.8126e+01 5.6843e-13
   624 1.5943e-02 3.0480e+01    1.7417e-02 2.7900e+01 5.4001e-13
   576 1.2712e-02 3.0067e+01    1.3975e-02 2.7350e+01 5.4001e-13
   528 1.0125e-02 2.9077e+01    1.0421e-02 2.8249e+01 3.9790e-13
   480 7.4739e-03 2.9594e+01    8.2167e-03 2.6919e+01 3.1264e-13
   432 5.7678e-03 2.7956e+01    5.9083e-03 2.7291e+01 2.7001e-13
   384 3.9812e-03 2.8445e+01    3.9895e-03 2.8386e+01 2.2737e-13
   336 2.5625e-03 2.9607e+01    2.5389e-03 2.9881e+01 1.7053e-13
   288 1.6777e-03 2.8477e+01    1.5734e-03 3.0366e+01 7.1054e-14
   240 9.8706e-04 2.8010e+01    8.9649e-04 3.0840e+01 4.2633e-14
   192 4.9057e-04 2.8855e+01    4.5653e-04 3.1007e+01 2.8422e-14
   144 2.1619e-04 2.7623e+01    1.9252e-04 3.1020e+01 2.8422e-14
    96 6.9914e-05 2.5309e+01    5.6169e-05 3.1503e+01 1.0658e-14
    48 1.4772e-05 1.4973e+01    7.4140e-06 2.9833e+01 5.3291e-15
];

% Maximum difference between reference and your implementation: 2.160050e-12.
